1 0.000011
2 0.000014
3 0.000020
4 0.000025
5 0.000030
6 0.000036
7 0.000041
8 0.000048
9 0.000052
10 0.000057
20 0.000113
30 0.000166
40 0.000221
50 0.000276
60 0.000331
70 0.000385
80 0.000440
90 0.000496
100 0.000551
200 0.001098
300 0.001647
400 0.002194
500 0.002744
600 0.003291
700 0.003838
800 0.004387
900 0.004934
1000 0.005483
2000 0.010960
3000 0.016443
4000 0.021919
5000 0.027398
6000 0.032879
7000 0.038359
8000 0.043836
9000 0.049311
10000 0.054798
20000 0.109586
30000 0.164370
40000 0.219162
50000 0.273969
60000 0.328751
70000 0.383536
80000 0.438321
90000 0.493114
100000 0.547897
200000 1.095802
300000 1.643702
400000 2.191610
500000 2.739490
600000 3.287387
700000 3.835313
800000 4.383252
900000 4.931108
1000000 5.478987
2000000 10.957988
3000000 16.437248
4000000 21.915920
5000000 27.394938
6000000 32.873859
7000000 38.353161
8000000 43.831844
9000000 49.310730
10000000 54.789749
20000000 109.580109
30000000 164.368393
40000000 219.156555
50000000 273.945648
60000000 328.734589
70000000 383.524597
80000000 438.314209
90000000 493.104431
100000000 547.893188
