1 0.000004
2 0.000005
3 0.000005
4 0.000006
5 0.000006
6 0.000007
7 0.000007
8 0.000008
9 0.000008
10 0.000009
20 0.000014
30 0.000020
40 0.000025
50 0.000032
60 0.000036
70 0.000042
80 0.000047
90 0.000052
100 0.000058
200 0.000113
300 0.000168
400 0.000223
500 0.000278
600 0.000333
700 0.000387
800 0.000444
900 0.000499
1000 0.000552
2000 0.001102
3000 0.001651
4000 0.002201
5000 0.002751
6000 0.003299
7000 0.003849
8000 0.004399
9000 0.004947
10000 0.005497
20000 0.010989
30000 0.016484
40000 0.021976
50000 0.027466
60000 0.032959
70000 0.038452
80000 0.043948
90000 0.049439
100000 0.054932
200000 0.109858
300000 0.164797
400000 0.219721
500000 0.274645
600000 0.329563
700000 0.384500
800000 0.439419
900000 0.494357
1000000 0.549276
2000000 1.098552
3000000 1.647820
4000000 2.197102
5000000 2.746444
6000000 3.295639
7000000 3.844924
8000000 4.394201
9000000 4.943531
10000000 5.492845
20000000 10.985419
30000000 16.478159
40000000 21.971226
50000000 27.463589
60000000 32.956203
70000000 38.449036
80000000 43.941711
90000000 49.434429
100000000 54.927124
