1 0.000003
2 0.000003
3 0.000004
4 0.000003
5 0.000004
6 0.000004
7 0.000004
8 0.000004
9 0.000003
10 0.000005
20 0.000005
30 0.000005
40 0.000005
50 0.000006
60 0.000007
70 0.000007
80 0.000007
90 0.000008
100 0.000009
200 0.000016
300 0.000022
400 0.000026
500 0.000032
600 0.000038
700 0.000043
800 0.000048
900 0.000054
1000 0.000059
2000 0.000115
3000 0.000172
4000 0.000231
5000 0.000285
6000 0.000342
7000 0.000398
8000 0.000452
9000 0.000511
10000 0.000566
20000 0.001128
30000 0.001689
40000 0.002252
50000 0.002812
60000 0.003374
70000 0.003936
80000 0.004498
90000 0.005061
100000 0.005621
200000 0.011241
300000 0.016856
400000 0.022476
500000 0.028092
600000 0.033711
700000 0.039332
800000 0.044947
900000 0.050564
1000000 0.056185
2000000 0.112361
3000000 0.168544
4000000 0.224713
5000000 0.280893
6000000 0.337074
7000000 0.393255
8000000 0.449424
9000000 0.505628
10000000 0.561775
20000000 1.123591
30000000 1.685411
40000000 2.247171
50000000 2.808938
60000000 3.370627
70000000 3.932483
80000000 4.494280
90000000 5.056054
100000000 5.617739
