1 0.000005
2 0.000004
3 0.000004
4 0.000003
5 0.000004
6 0.000003
7 0.000003
8 0.000004
9 0.000003
10 0.000005
20 0.000004
30 0.000004
40 0.000004
50 0.000004
60 0.000004
70 0.000004
80 0.000003
90 0.000005
100 0.000004
200 0.000004
300 0.000005
400 0.000006
500 0.000007
600 0.000008
700 0.000008
800 0.000011
900 0.000009
1000 0.000011
2000 0.000017
3000 0.000024
4000 0.000031
5000 0.000038
6000 0.000045
7000 0.000051
8000 0.000058
9000 0.000065
10000 0.000073
20000 0.000142
30000 0.000209
40000 0.000278
50000 0.000346
60000 0.000416
70000 0.000484
80000 0.000555
90000 0.000620
100000 0.000690
200000 0.001377
300000 0.002062
400000 0.002751
500000 0.003436
600000 0.004120
700000 0.004807
800000 0.005495
900000 0.006179
1000000 0.006865
2000000 0.013730
3000000 0.020589
4000000 0.027454
5000000 0.034317
6000000 0.041176
7000000 0.048036
8000000 0.054901
9000000 0.061764
10000000 0.068624
20000000 0.137244
30000000 0.205865
40000000 0.274492
50000000 0.343117
60000000 0.411732
70000000 0.480345
80000000 0.548978
90000000 0.617587
100000000 0.686205
